2 999
0 1 500 6.804522 4.947535 4.628632 
1 2 251 7.180906 4.880686 5.334786 
2 3 126 4.884045 0.302324 4.932455 
3 4 65 3.479672 2.393539 2.299701 
4 5 34 2.177505 0.176048 2.147664 
5 6 19 1.394819 0.467012 1.375350 
6 7 12 0.683279 0.417888 0.606199 
7 8 9 0.457473 0.457374 0.158378 
8 -1 -1 0.000000 0.011255 0.057091 
9 10 11 0.103084 0.540433 0.219431 
10 -1 -1 0.000000 0.439153 0.238632 
11 -1 -1 0.000000 0.641713 0.200230 
12 13 16 0.367690 0.648647 0.624417 
13 14 15 0.063954 0.570911 0.503025 
14 -1 -1 0.000000 0.626739 0.471826 
15 -1 -1 0.000000 0.515083 0.534223 
16 17 18 0.135392 0.644067 0.865489 
17 -1 -1 0.000000 0.587232 0.742604 
18 -1 -1 0.000000 0.700902 0.988374 
19 20 27 0.713419 1.221160 1.560358 
20 21 24 0.468078 0.848931 1.603113 
21 22 23 0.250877 0.609226 1.812311 
22 -1 -1 0.000000 0.699064 2.046551 
23 -1 -1 0.000000 0.519388 1.578071 
24 25 26 0.118756 0.974673 1.460888 
25 -1 -1 0.000000 1.014542 1.572751 
26 -1 -1 0.000000 0.934805 1.349024 
27 28 31 0.310204 1.340202 1.228188 
28 29 30 0.158644 1.164808 1.174421 
29 -1 -1 0.000000 1.031712 1.260753 
30 -1 -1 0.000000 1.297904 1.088088 
31 32 33 0.162017 1.499126 1.319655 
32 -1 -1 0.000000 1.390008 1.439416 
33 -1 -1 0.000000 1.608244 1.199893 
34 35 50 1.935573 1.630767 2.869709 
35 36 43 1.348679 0.242744 3.247025 
36 37 40 1.003271 1.107080 2.768391 
37 38 39 0.340695 0.503558 2.438725 
38 -1 -1 0.000000 0.163006 2.428868 
39 -1 -1 0.000000 0.844110 2.448583 
40 41 42 0.066641 1.487275 2.937452 
41 -1 -1 0.000000 1.421186 2.946013 
42 -1 -1 0.000000 1.553364 2.928891 
43 44 47 0.763895 0.783934 3.917702 
44 45 46 0.447051 0.268136 3.878424 
45 -1 -1 0.000000 0.347164 4.318435 
46 -1 -1 0.000000 0.189108 3.438414 
47 48 49 0.170988 0.962703 3.697990 
48 -1 -1 0.000000 0.812650 3.779971 
49 -1 -1 0.000000 1.112756 3.616009 
50 51 58 0.592451 1.766018 2.235107 
51 52 55 0.393248 1.651961 2.346621 
52 53 54 0.182123 1.694837 2.569868 
53 -1 -1 0.000000 1.627567 2.739112 
54 -1 -1 0.000000 1.762107 2.400624 
55 56 57 0.236847 1.469173 2.152644 
56 -1 -1 0.000000 1.266692 2.275519 
57 -1 -1 0.000000 1.671654 2.029770 
58 59 62 0.458040 1.985617 2.587757 
59 60 61 0.034861 1.857997 2.792592 
60 -1 -1 0.000000 1.840662 2.822838 
61 -1 -1 0.000000 1.875331 2.762347 
62 63 64 0.222241 2.004049 2.208767 
63 -1 -1 0.000000 1.782075 2.219655 
64 -1 -1 0.000000 2.226024 2.197878 
65 66 95 2.407858 2.173620 4.623989 
66 67 80 1.669994 1.336691 3.807053 
67 68 73 1.236413 1.270974 4.673040 
68 69 70 0.829060 0.439159 4.443550 
69 -1 -1 0.000000 0.050762 4.872542 
70 71 72 0.416038 0.743609 4.160005 
71 -1 -1 0.000000 0.491625 4.491051 
72 -1 -1 0.000000 0.995593 3.828959 
73 74 77 0.468307 1.672560 4.393809 
74 75 76 0.259991 1.351019 4.375134 
75 -1 -1 0.000000 1.439820 4.130778 
76 -1 -1 0.000000 1.262219 4.619491 
77 78 79 0.073426 1.784150 4.530103 
78 -1 -1 0.000000 1.730647 4.479815 
79 -1 -1 0.000000 1.837653 4.580390 
80 81 88 0.868513 1.918787 3.891474 
81 82 85 0.347224 1.726417 3.651393 
82 83 84 0.199755 1.506850 3.760664 
83 -1 -1 0.000000 1.631315 3.916902 
84 -1 -1 0.000000 1.382385 3.604426 
85 86 87 0.092796 1.800739 3.505702 
86 -1 -1 0.000000 1.789866 3.597858 
87 -1 -1 0.000000 1.811612 3.413545 
88 89 92 0.540929 1.786212 4.304749 
89 90 91 0.218370 1.785157 4.010660 
90 -1 -1 0.000000 1.566791 4.009444 
91 -1 -1 0.000000 2.003524 4.011877 
92 93 94 0.218689 1.995420 4.551955 
93 -1 -1 0.000000 1.882010 4.364970 
94 -1 -1 0.000000 2.108829 4.738940 
95 96 111 2.038458 3.562943 3.267510 
96 97 104 0.944318 2.625334 3.136157 
97 98 101 0.551647 2.675536 3.760501 
98 99 100 0.132188 2.390142 3.962574 
99 -1 -1 0.000000 2.470325 4.067666 
100 -1 -1 0.000000 2.309960 3.857482 
101 102 103 0.235551 2.638209 3.392359 
102 -1 -1 0.000000 2.833147 3.524583 
103 -1 -1 0.000000 2.443270 3.260135 
104 105 108 0.706011 2.682493 2.707431 
105 106 107 0.297560 2.249671 2.719821 
106 -1 -1 0.000000 1.997238 2.877364 
107 -1 -1 0.000000 2.502103 2.562279 
108 109 110 0.188129 2.900677 2.504455 
109 -1 -1 0.000000 2.748965 2.393208 
110 -1 -1 0.000000 3.052388 2.615703 
111 112 119 1.340918 3.510656 4.535677 
112 113 116 1.014474 3.035341 4.212614 
113 114 115 0.496451 2.636915 4.556548 
114 -1 -1 0.000000 2.191361 4.775512 
115 -1 -1 0.000000 3.082469 4.337584 
116 117 118 0.177658 3.237519 4.181937 
117 -1 -1 0.000000 3.156580 4.340086 
118 -1 -1 0.000000 3.318458 4.023788 
119 120 123 0.889529 3.823247 3.853212 
120 121 122 0.212626 3.620871 3.710547 
121 -1 -1 0.000000 3.439594 3.599422 
122 -1 -1 0.000000 3.802147 3.821671 
123 124 125 0.444515 4.276448 4.005972 
124 -1 -1 0.000000 3.987755 3.667963 
125 -1 -1 0.000000 4.565142 4.343981 
126 127 188 3.252946 2.293554 7.003714 
127 128 157 2.219442 0.478617 7.366726 
128 129 142 1.607786 1.367192 6.097718 
129 130 135 1.376737 0.315183 5.806431 
130 131 132 0.521682 0.450975 6.763947 
131 -1 -1 0.000000 0.174566 7.175967 
132 133 134 0.353647 0.397979 6.414294 
133 -1 -1 0.000000 0.054349 6.497865 
134 -1 -1 0.000000 0.741610 6.330722 
135 136 139 0.849558 0.567137 5.319824 
136 137 138 0.044979 0.369656 5.192422 
137 -1 -1 0.000000 0.382648 5.149360 
138 -1 -1 0.000000 0.356664 5.235484 
139 140 141 0.333826 0.889859 5.752542 
140 -1 -1 0.000000 0.588605 5.608718 
141 -1 -1 0.000000 1.191113 5.896367 
142 143 150 0.667305 1.292938 6.742284 
143 144 147 0.427718 0.958352 6.576544 
144 145 146 0.237457 0.866466 6.801635 
145 -1 -1 0.000000 0.635606 6.857218 
146 -1 -1 0.000000 1.097327 6.746052 
147 148 149 0.204025 1.144957 6.664966 
148 -1 -1 0.000000 1.211432 6.857858 
149 -1 -1 0.000000 1.078483 6.472074 
150 151 154 0.461260 1.829976 6.626683 
151 152 153 0.248985 1.586887 6.720280 
152 -1 -1 0.000000 1.369561 6.598776 
153 -1 -1 0.000000 1.804212 6.841784 
154 155 156 0.044487 1.881196 6.649670 
155 -1 -1 0.000000 1.840253 6.667071 
156 -1 -1 0.000000 1.922138 6.632269 
157 158 173 1.534435 1.252141 8.287759 
158 159 166 1.349188 0.509828 8.818212 
159 160 163 0.755317 0.703459 7.989054 
160 161 162 0.292863 0.598028 7.640267 
161 -1 -1 0.000000 0.354209 7.478029 
162 -1 -1 0.000000 0.841846 7.802505 
163 164 165 0.490618 0.645709 8.531939 
164 -1 -1 0.000000 0.161775 8.451229 
165 -1 -1 0.000000 1.129643 8.612650 
166 167 170 0.456585 0.145355 9.061526 
167 168 169 0.111686 0.034947 9.119205 
168 -1 -1 0.000000 0.028278 9.007718 
169 -1 -1 0.000000 0.041616 9.230691 
170 171 172 0.234868 0.325478 9.244559 
171 -1 -1 0.000000 0.090734 9.236923 
172 -1 -1 0.000000 0.560222 9.252196 
173 174 181 0.615950 1.562885 7.732269 
174 175 178 0.442008 1.265212 8.065289 
175 176 177 0.148246 1.109395 7.905564 
176 -1 -1 0.000000 0.964041 7.876424 
177 -1 -1 0.000000 1.254749 7.934704 
178 179 180 0.185896 1.505998 8.170943 
179 -1 -1 0.000000 1.372316 8.041768 
180 -1 -1 0.000000 1.639680 8.300118 
181 182 185 0.369298 1.862480 7.468940 
182 183 184 0.087203 1.582459 7.386100 
183 -1 -1 0.000000 1.523898 7.321485 
184 -1 -1 0.000000 1.641019 7.450714 
185 186 187 0.130215 2.052109 7.683093 
186 -1 -1 0.000000 1.958979 7.774102 
187 -1 -1 0.000000 2.145240 7.592084 
188 189 220 2.175155 2.447456 4.980500 
189 190 205 1.451793 1.665566 6.114234 
190 191 198 1.264364 1.787509 5.141972 
191 192 195 1.077053 0.638596 5.324272 
192 193 194 0.109582 0.628825 5.179728 
193 -1 -1 0.000000 0.525293 5.215634 
194 -1 -1 0.000000 0.732357 5.143822 
195 196 197 0.603419 1.271252 5.483894 
196 -1 -1 0.000000 1.126479 4.898100 
197 -1 -1 0.000000 1.416026 6.069689 
198 199 202 0.411341 1.982149 5.056509 
199 200 201 0.196086 1.740614 4.935547 
200 -1 -1 0.000000 1.571392 5.034610 
201 -1 -1 0.000000 1.909835 4.836484 
202 203 204 0.112858 2.138159 5.147717 
203 -1 -1 0.000000 2.057142 5.226287 
204 -1 -1 0.000000 2.219175 5.069147 
205 206 213 0.653457 2.520539 6.298148 
206 207 210 0.530052 2.031079 6.077647 
207 208 209 0.061382 1.928185 6.157002 
208 -1 -1 0.000000 1.876164 6.189583 
209 -1 -1 0.000000 1.980206 6.124420 
210 211 212 0.231356 2.283814 5.916316 
211 -1 -1 0.000000 2.106916 6.065422 
212 -1 -1 0.000000 2.460712 5.767210 
213 214 217 0.366640 2.330473 6.740233 
214 215 216 0.125434 2.123016 6.564618 
215 -1 -1 0.000000 2.009469 6.617916 
216 -1 -1 0.000000 2.236564 6.511321 
217 218 219 0.169976 2.592783 6.666165 
218 -1 -1 0.000000 2.604448 6.496590 
219 -1 -1 0.000000 2.581117 6.835740 
220 221 236 1.664892 3.643578 6.074553 
221 222 229 0.893381 2.791494 6.199867 
222 223 226 0.713117 2.878982 5.556882 
223 224 225 0.090183 2.722202 5.468651 
224 -1 -1 0.000000 2.666657 5.397603 
225 -1 -1 0.000000 2.777747 5.539700 
226 227 228 0.411849 3.038638 6.014300 
227 -1 -1 0.000000 2.627846 6.043788 
228 -1 -1 0.000000 3.449430 5.984813 
229 230 233 0.440549 2.799826 6.747048 
230 231 232 0.221754 2.829675 6.453524 
231 -1 -1 0.000000 2.641719 6.335848 
232 -1 -1 0.000000 3.017631 6.571199 
233 234 235 0.247072 3.071816 6.881113 
234 -1 -1 0.000000 3.214775 6.679602 
235 -1 -1 0.000000 2.928856 7.082625 
236 237 244 1.196767 3.500106 5.172578 
237 238 241 0.592222 3.390724 5.508695 
238 239 240 0.271701 3.068056 5.414247 
239 -1 -1 0.000000 2.800420 5.461069 
240 -1 -1 0.000000 3.335692 5.367425 
241 242 243 0.116235 3.531458 5.424996 
242 -1 -1 0.000000 3.471963 5.325141 
243 -1 -1 0.000000 3.590954 5.524850 
244 245 248 0.744426 4.255055 5.318894 
245 246 247 0.429914 3.763903 5.547961 
246 -1 -1 0.000000 3.879961 5.961913 
247 -1 -1 0.000000 3.647845 5.134009 
248 249 250 0.356756 4.271989 4.840349 
249 -1 -1 0.000000 3.937461 4.964310 
250 -1 -1 0.000000 4.606517 4.716388 
251 252 375 4.326711 5.020613 9.670986 
252 253 314 3.126432 2.816090 7.513888 
253 254 283 2.086976 2.699711 9.718425 
254 255 268 1.504086 1.462997 8.795695 
255 256 261 0.976687 1.454396 9.185796 
256 257 258 0.799626 0.708219 9.476893 
257 -1 -1 0.000000 0.697553 9.493271 
258 259 260 0.400425 0.944944 9.153936 
259 -1 -1 0.000000 0.745298 9.501040 
260 -1 -1 0.000000 1.144590 8.806832 
261 262 265 0.739579 1.551723 9.793395 
262 263 264 0.471412 1.312327 9.341846 
263 -1 -1 0.000000 0.928584 9.615652 
264 -1 -1 0.000000 1.696071 9.068039 
265 266 267 0.329516 1.902786 9.659549 
266 -1 -1 0.000000 1.733006 9.377139 
267 -1 -1 0.000000 2.072567 9.941960 
268 269 276 1.152858 2.460263 8.929739 
269 270 273 0.507459 2.322079 9.202528 
270 271 272 0.121420 2.365184 9.028815 
271 -1 -1 0.000000 2.289682 8.933724 
272 -1 -1 0.000000 2.440687 9.123905 
273 274 275 0.221798 2.356994 9.486050 
274 -1 -1 0.000000 2.331189 9.265758 
275 -1 -1 0.000000 2.382800 9.706341 
276 277 280 0.913460 2.143430 8.186325 
277 278 279 0.564484 2.040785 8.792230 
278 -1 -1 0.000000 1.476600 8.810622 
279 -1 -1 0.000000 2.604969 8.773839 
280 281 282 0.283925 2.455626 8.040328 
281 -1 -1 0.000000 2.336562 8.298083 
282 -1 -1 0.000000 2.574689 7.782573 
283 284 299 1.455311 3.846871 8.829562 
284 285 292 1.100419 3.142158 8.792390 
285 286 289 0.602181 3.118213 8.283977 
286 287 288 0.187244 2.906342 7.899872 
287 -1 -1 0.000000 2.925168 7.713577 
288 -1 -1 0.000000 2.887516 8.086168 
289 290 291 0.121089 3.310313 8.585621 
290 -1 -1 0.000000 3.363511 8.476844 
291 -1 -1 0.000000 3.257114 8.694398 
292 293 296 0.519855 3.096971 8.994112 
293 294 295 0.088274 3.007870 8.968279 
294 -1 -1 0.000000 2.972885 9.049325 
295 -1 -1 0.000000 3.042855 8.887233 
296 297 298 0.313197 3.410000 9.050865 
297 -1 -1 0.000000 3.248070 9.318953 
298 -1 -1 0.000000 3.571931 8.782777 
299 300 307 1.122349 4.124030 9.940627 
300 301 304 1.026784 3.294044 9.658719 
301 302 303 0.262017 3.303391 9.950992 
302 -1 -1 0.000000 3.042951 9.922285 
303 -1 -1 0.000000 3.563830 9.979699 
304 305 306 0.509802 3.562860 9.173758 
305 -1 -1 0.000000 3.123435 9.432221 
306 -1 -1 0.000000 4.002286 8.915295 
307 308 311 0.758059 4.418120 9.282114 
308 309 310 0.080684 4.334438 9.292322 
309 -1 -1 0.000000 4.395599 9.239698 
310 -1 -1 0.000000 4.273277 9.344946 
311 312 313 0.373786 4.574995 9.635000 
312 -1 -1 0.000000 4.376376 9.318351 
313 -1 -1 0.000000 4.773614 9.951648 
314 315 344 2.338299 4.940415 7.389456 
315 316 329 1.667302 3.915142 8.409383 
316 317 322 0.934809 3.903064 7.947560 
317 318 319 0.435521 3.633638 7.889467 
318 -1 -1 0.000000 3.352228 7.682296 
319 320 321 0.270929 3.713438 8.148378 
320 -1 -1 0.000000 3.442510 8.149087 
321 -1 -1 0.000000 3.984367 8.147669 
322 323 326 0.557470 4.202246 7.589229 
323 324 325 0.082323 3.795195 7.672611 
324 -1 -1 0.000000 3.752070 7.602487 
325 -1 -1 0.000000 3.838319 7.742735 
326 327 328 0.149057 4.668315 7.690751 
327 -1 -1 0.000000 4.577156 7.808684 
328 -1 -1 0.000000 4.759474 7.572818 
329 330 337 1.337729 4.947556 8.390073 
330 331 334 1.158409 4.460199 8.671490 
331 332 333 0.125771 4.511120 8.497643 
332 -1 -1 0.000000 4.385618 8.505864 
333 -1 -1 0.000000 4.636622 8.489422 
334 335 336 0.535098 4.668438 9.264251 
335 -1 -1 0.000000 4.401045 8.800752 
336 -1 -1 0.000000 4.935830 9.727750 
337 338 341 0.514059 4.749395 8.076147 
338 339 340 0.049534 4.636276 8.241118 
339 -1 -1 0.000000 4.658348 8.285463 
340 -1 -1 0.000000 4.614205 8.196773 
341 342 343 0.178019 4.915824 7.778532 
342 -1 -1 0.000000 4.877207 7.952313 
343 -1 -1 0.000000 4.954441 7.604752 
344 345 360 1.575438 4.022663 6.341196 
345 346 353 0.795274 3.598576 7.137422 
346 347 350 0.453905 3.199966 7.105062 
347 348 349 0.105723 2.948507 7.379710 
348 -1 -1 0.000000 2.842934 7.385343 
349 -1 -1 0.000000 3.054080 7.374077 
350 351 352 0.052765 3.459499 6.895667 
351 -1 -1 0.000000 3.415397 6.924635 
352 -1 -1 0.000000 3.503602 6.866699 
353 354 357 0.360270 3.789749 6.874792 
354 355 356 0.174031 3.783378 7.124670 
355 -1 -1 0.000000 3.621543 7.188672 
356 -1 -1 0.000000 3.945213 7.060667 
357 358 359 0.210161 4.041554 6.774075 
358 -1 -1 0.000000 4.139837 6.959838 
359 -1 -1 0.000000 3.943272 6.588312 
360 361 368 0.903062 5.007727 5.930053 
361 362 365 0.273638 4.850966 5.688027 
362 363 364 0.169142 4.869423 5.856762 
363 -1 -1 0.000000 4.714834 5.925399 
364 -1 -1 0.000000 5.024013 5.788125 
365 366 367 0.119624 4.962754 5.643840 
366 -1 -1 0.000000 4.981439 5.761995 
367 -1 -1 0.000000 4.944069 5.525684 
368 369 372 0.629238 4.674509 6.426056 
369 370 371 0.307159 4.371652 6.302629 
370 -1 -1 0.000000 4.124826 6.119807 
371 -1 -1 0.000000 4.618478 6.485451 
372 373 374 0.261928 4.949662 6.482973 
373 -1 -1 0.000000 4.773971 6.288709 
374 -1 -1 0.000000 5.125354 6.677238 
375 376 437 2.779646 7.133247 7.811979 
376 377 406 1.836895 5.565752 7.359508 
377 378 391 1.097959 6.137071 8.285617 
378 379 384 0.703923 5.661687 8.505751 
379 380 381 0.447148 5.418266 8.901252 
380 -1 -1 0.000000 5.268302 8.480001 
381 382 383 0.243410 5.646438 8.986023 
382 -1 -1 0.000000 5.769711 8.776138 
383 -1 -1 0.000000 5.523164 9.195909 
384 385 388 0.461034 5.313740 8.311744 
385 386 387 0.102970 5.229461 8.415109 
386 -1 -1 0.000000 5.129324 8.391122 
387 -1 -1 0.000000 5.329598 8.439096 
388 389 390 0.217519 5.523770 8.171389 
389 -1 -1 0.000000 5.310328 8.213308 
390 -1 -1 0.000000 5.737212 8.129470 
391 392 399 0.847260 6.113105 7.647016 
392 393 396 0.495081 5.519213 7.701741 
393 394 395 0.066290 5.287765 7.636038 
394 -1 -1 0.000000 5.267450 7.699138 
395 -1 -1 0.000000 5.308080 7.572938 
396 397 398 0.159548 5.873727 7.631334 
397 -1 -1 0.000000 5.733186 7.555808 
398 -1 -1 0.000000 6.014267 7.706859 
399 400 403 0.751675 6.562983 7.673288 
400 401 402 0.388413 6.318675 7.977137 
401 -1 -1 0.000000 6.259641 8.361037 
402 -1 -1 0.000000 6.377710 7.593236 
403 404 405 0.096981 6.491025 7.607563 
404 -1 -1 0.000000 6.394583 7.597348 
405 -1 -1 0.000000 6.587466 7.617778 
406 407 422 1.349968 6.180195 6.073448 
407 408 415 0.764224 5.825339 6.277103 
408 409 412 0.516246 5.515330 6.274118 
409 410 411 0.218304 5.213306 6.034542 
410 -1 -1 0.000000 5.265226 5.822501 
411 -1 -1 0.000000 5.161386 6.246582 
412 413 414 0.170783 5.485610 6.562141 
413 -1 -1 0.000000 5.610074 6.445198 
414 -1 -1 0.000000 5.361146 6.679083 
415 416 419 0.482075 5.999427 5.825657 
416 417 418 0.209499 5.687375 5.738298 
417 -1 -1 0.000000 5.607845 5.544482 
418 -1 -1 0.000000 5.766905 5.932115 
419 420 421 0.178231 6.046662 6.068892 
420 -1 -1 0.000000 5.904071 6.175822 
421 -1 -1 0.000000 6.189254 5.961962 
422 423 430 0.869326 6.434144 7.070340 
423 424 427 0.540501 5.862348 6.985891 
424 425 426 0.301148 6.071622 7.268794 
425 -1 -1 0.000000 5.786126 7.364619 
426 -1 -1 0.000000 6.357117 7.172969 
427 428 429 0.343489 6.176542 6.729705 
428 -1 -1 0.000000 6.384094 7.003396 
429 -1 -1 0.000000 5.968990 6.456015 
430 431 434 0.635844 6.444586 6.487639 
431 432 433 0.090634 6.137763 6.349252 
432 -1 -1 0.000000 6.091059 6.271579 
433 -1 -1 0.000000 6.184468 6.426925 
434 435 436 0.242735 6.746019 6.847244 
435 -1 -1 0.000000 6.504907 6.875271 
436 -1 -1 0.000000 6.987130 6.819217 
437 438 469 2.333738 7.439485 9.786713 
438 439 454 1.555422 6.250229 8.660122 
439 440 447 1.285269 6.306829 9.254233 
440 441 444 0.799245 5.895735 9.842987 
441 442 443 0.278774 5.310645 9.524429 
442 -1 -1 0.000000 5.106860 9.714657 
443 -1 -1 0.000000 5.514429 9.334200 
444 445 446 0.173795 6.481051 9.804908 
445 -1 -1 0.000000 6.390092 9.656816 
446 -1 -1 0.000000 6.572009 9.952999 
447 448 451 0.309810 6.406307 9.408351 
448 449 450 0.123243 6.420615 9.200177 
449 -1 -1 0.000000 6.302432 9.235127 
450 -1 -1 0.000000 6.538799 9.165227 
451 452 453 0.102164 6.571033 9.572031 
452 -1 -1 0.000000 6.576430 9.470010 
453 -1 -1 0.000000 6.565637 9.674051 
454 455 462 0.741807 7.153892 8.778900 
455 456 459 0.543788 6.718432 8.622927 
456 457 458 0.113376 6.623223 8.688429 
457 -1 -1 0.000000 6.673405 8.790094 
458 -1 -1 0.000000 6.573040 8.586763 
459 460 461 0.283701 6.706772 8.336703 
460 -1 -1 0.000000 6.553681 8.575552 
461 -1 -1 0.000000 6.859864 8.097853 
462 463 466 0.471264 7.304743 9.199887 
463 464 465 0.185117 7.014424 9.177558 
464 -1 -1 0.000000 6.842185 9.109720 
465 -1 -1 0.000000 7.186663 9.245395 
466 467 468 0.054998 7.413432 9.275283 
467 -1 -1 0.000000 7.389594 9.324846 
468 -1 -1 0.000000 7.437271 9.225720 
469 470 485 1.484875 8.519008 8.939331 
470 471 478 1.361078 7.771948 8.014021 
471 472 475 0.826387 7.545669 8.850731 
472 473 474 0.311591 7.775008 9.266038 
473 -1 -1 0.000000 7.472771 9.341811 
474 -1 -1 0.000000 8.077245 9.190265 
475 476 477 0.340681 7.810958 8.342078 
476 -1 -1 0.000000 7.954904 8.650855 
477 -1 -1 0.000000 7.667011 8.033302 
478 479 482 0.177337 7.748873 7.882438 
479 480 481 0.097591 7.735229 7.744093 
480 -1 -1 0.000000 7.637638 7.744324 
481 -1 -1 0.000000 7.832820 7.743862 
482 483 484 0.042252 7.792603 7.966751 
483 -1 -1 0.000000 7.754215 7.949102 
484 -1 -1 0.000000 7.830992 7.984400 
485 486 493 0.928332 8.535270 9.765319 
486 487 490 0.464185 8.025871 9.416930 
487 488 489 0.159793 7.700376 9.499270 
488 -1 -1 0.000000 7.616124 9.635048 
489 -1 -1 0.000000 7.784627 9.363492 
490 491 492 0.088515 8.243938 9.257220 
491 -1 -1 0.000000 8.155490 9.260675 
492 -1 -1 0.000000 8.332385 9.253766 
493 494 497 0.309285 8.939051 9.541499 
494 495 496 0.062270 8.883751 9.393871 
495 -1 -1 0.000000 8.871970 9.332725 
496 -1 -1 0.000000 8.895532 9.455016 
497 498 499 0.125414 8.938421 9.754363 
498 -1 -1 0.000000 8.843178 9.672769 
499 -1 -1 0.000000 9.033663 9.835957 
500 501 750 6.459240 5.468737 4.601559 
501 502 625 4.322110 5.536255 0.392349 
502 503 564 3.070402 3.730593 2.468855 
503 504 533 2.131111 3.272533 0.471184 
504 505 518 1.619831 2.602953 1.541344 
505 506 511 1.258006 2.674261 0.848928 
506 507 508 0.287945 1.524241 0.437753 
507 -1 -1 0.000000 1.512300 0.725450 
508 509 510 0.127283 1.641445 0.388111 
509 -1 -1 0.000000 1.754131 0.447295 
510 -1 -1 0.000000 1.528758 0.328927 
511 512 515 0.574027 2.966044 1.128582 
512 513 514 0.269978 2.689133 1.254192 
513 -1 -1 0.000000 2.441486 1.361705 
514 -1 -1 0.000000 2.936781 1.146678 
515 516 517 0.203376 2.986394 0.911648 
516 -1 -1 0.000000 2.842893 0.767534 
517 -1 -1 0.000000 3.129895 1.055763 
518 519 526 1.157881 3.018514 2.031066 
519 520 523 0.280264 3.012582 2.261185 
520 521 522 0.040171 2.932961 2.283385 
521 -1 -1 0.000000 2.924317 2.244155 
522 -1 -1 0.000000 2.941604 2.322615 
523 524 525 0.115515 3.184668 2.262187 
524 -1 -1 0.000000 3.081566 2.210094 
525 -1 -1 0.000000 3.287770 2.314280 
526 527 530 0.678472 3.057004 1.539459 
527 528 529 0.184179 3.114068 1.871642 
528 -1 -1 0.000000 2.931715 1.845774 
529 -1 -1 0.000000 3.296421 1.897510 
530 531 532 0.230936 3.162773 1.086142 
531 -1 -1 0.000000 3.011689 1.260799 
532 -1 -1 0.000000 3.313858 0.911486 
533 534 549 1.619565 4.687494 0.776871 
534 535 542 1.347593 3.869292 1.770326 
535 536 539 1.044808 4.102724 1.288074 
536 537 538 0.469069 3.645018 1.410565 
537 -1 -1 0.000000 3.471159 1.846225 
538 -1 -1 0.000000 3.818877 0.974906 
539 540 541 0.645410 4.044766 0.642129 
540 -1 -1 0.000000 3.414824 0.501679 
541 -1 -1 0.000000 4.674709 0.782579 
542 543 546 0.638843 3.953067 1.883215 
543 544 545 0.143229 3.864279 2.052841 
544 -1 -1 0.000000 3.735558 1.990027 
545 -1 -1 0.000000 3.992999 2.115655 
546 547 548 0.289657 4.289586 1.768273 
547 -1 -1 0.000000 4.052673 1.934927 
548 -1 -1 0.000000 4.526498 1.601619 
549 550 557 1.091821 5.195473 0.150066 
550 551 554 0.650479 4.506526 0.226624 
551 552 553 0.119125 4.226506 0.043200 
552 -1 -1 0.000000 4.107879 0.054085 
553 -1 -1 0.000000 4.345133 0.032315 
554 555 556 0.273166 4.840254 0.557978 
555 -1 -1 0.000000 4.577017 0.630958 
556 -1 -1 0.000000 5.103490 0.484997 
557 558 561 0.435922 5.306404 0.595867 
558 559 560 0.048652 5.231027 0.821440 
559 -1 -1 0.000000 5.259954 0.860558 
560 -1 -1 0.000000 5.202101 0.782321 
561 562 563 0.117819 5.348909 0.279655 
562 -1 -1 0.000000 5.316064 0.392803 
563 -1 -1 0.000000 5.381753 0.166506 
564 565 594 1.837414 5.453020 2.609809 
565 566 579 1.165901 5.495340 1.726151 
566 567 572 0.526391 5.000616 1.291461 
567 568 569 0.156508 4.738544 1.650654 
568 -1 -1 0.000000 4.705642 1.669546 
569 570 571 0.082917 4.820058 1.635462 
570 -1 -1 0.000000 4.765847 1.698203 
571 -1 -1 0.000000 4.874269 1.572721 
572 573 576 0.470719 5.327252 1.347147 
573 574 575 0.238759 5.154832 1.044512 
574 -1 -1 0.000000 5.324410 0.876436 
575 -1 -1 0.000000 4.985255 1.212588 
576 577 578 0.042819 5.357013 1.515328 
577 -1 -1 0.000000 5.385565 1.483419 
578 -1 -1 0.000000 5.328460 1.547238 
579 580 587 0.698260 4.993963 2.152159 
580 581 584 0.310358 4.778007 2.301818 
581 582 583 0.189553 4.580418 2.415378 
582 -1 -1 0.000000 4.690500 2.569691 
583 -1 -1 0.000000 4.470336 2.261066 
584 585 586 0.048478 4.821120 2.206579 
585 -1 -1 0.000000 4.817334 2.254909 
586 -1 -1 0.000000 4.824907 2.158250 
587 588 591 0.618161 5.116668 2.091242 
588 589 590 0.219881 5.064704 1.848094 
589 -1 -1 0.000000 4.858658 1.924858 
590 -1 -1 0.000000 5.270750 1.771330 
591 592 593 0.287961 5.406661 2.252347 
592 -1 -1 0.000000 5.177147 2.078436 
593 -1 -1 0.000000 5.636174 2.426258 
594 595 610 1.302014 4.514525 3.507442 
595 596 603 0.765629 4.392635 2.765796 
596 597 600 0.391198 3.975533 2.905528 
597 598 599 0.173018 3.789185 2.802294 
598 -1 -1 0.000000 3.635983 2.882695 
599 -1 -1 0.000000 3.942388 2.721893 
600 601 602 0.191251 4.187851 3.001729 
601 -1 -1 0.000000 4.009854 3.071683 
602 -1 -1 0.000000 4.365849 2.931774 
603 604 607 0.270092 4.631072 2.874265 
604 605 606 0.163540 4.595722 2.710047 
605 -1 -1 0.000000 4.433389 2.690224 
606 -1 -1 0.000000 4.758056 2.729871 
607 608 609 0.173512 4.808565 2.876381 
608 -1 -1 0.000000 4.797771 2.703205 
609 -1 -1 0.000000 4.819358 3.049557 
610 611 618 0.883256 5.305901 3.670118 
611 612 615 0.529842 4.685878 3.364089 
612 613 614 0.197828 4.605018 3.694078 
613 -1 -1 0.000000 4.430426 3.787105 
614 -1 -1 0.000000 4.779609 3.601051 
615 616 617 0.219593 4.960259 3.130125 
616 -1 -1 0.000000 4.960744 3.349717 
617 -1 -1 0.000000 4.959774 2.910533 
618 619 622 0.305605 5.441050 4.174151 
619 620 621 0.108585 5.289641 4.036621 
620 -1 -1 0.000000 5.185149 4.007090 
621 -1 -1 0.000000 5.394134 4.066151 
622 623 624 0.048811 5.570022 4.213503 
623 -1 -1 0.000000 5.564438 4.165013 
624 -1 -1 0.000000 5.575606 4.261994 
625 626 687 3.181404 7.502835 2.190316 
626 627 656 2.300485 6.110155 2.378034 
627 628 641 1.692779 6.106451 1.745879 
628 629 634 0.960177 5.677341 0.747745 
629 630 631 0.525941 5.876329 0.561369 
630 -1 -1 0.000000 5.553977 0.145793 
631 632 633 0.025123 5.901146 0.557458 
632 -1 -1 0.000000 5.911106 0.534394 
633 -1 -1 0.000000 5.891186 0.580523 
634 635 638 0.534812 5.936748 1.157727 
635 636 637 0.205665 5.937517 1.494066 
636 -1 -1 0.000000 5.870112 1.688372 
637 -1 -1 0.000000 6.004922 1.299760 
638 639 640 0.184047 6.036224 0.862045 
639 -1 -1 0.000000 6.076003 1.041742 
640 -1 -1 0.000000 5.996445 0.682348 
641 642 649 0.878645 6.243596 1.874576 
642 643 646 0.339691 5.881981 1.908345 
643 644 645 0.129556 5.743071 2.007862 
644 -1 -1 0.000000 5.661645 1.907092 
645 -1 -1 0.000000 5.824496 2.108632 
646 647 648 0.151078 6.080294 1.857000 
647 -1 -1 0.000000 5.938922 1.803723 
648 -1 -1 0.000000 6.221666 1.910277 
649 650 653 0.560586 6.751835 2.033653 
650 651 652 0.265022 6.278024 2.026879 
651 -1 -1 0.000000 6.294797 2.291370 
652 -1 -1 0.000000 6.261251 1.762388 
653 654 655 0.146786 6.999743 1.742650 
654 -1 -1 0.000000 6.878614 1.659742 
655 -1 -1 0.000000 7.120873 1.825558 
656 657 672 1.123339 6.506511 3.053472 
657 658 665 0.756227 6.186386 3.118854 
658 659 662 0.335111 6.005334 2.738330 
659 660 661 0.105343 5.840294 2.549370 
660 -1 -1 0.000000 5.844885 2.444127 
661 -1 -1 0.000000 5.835703 2.654613 
662 663 664 0.082547 6.161182 2.885455 
663 -1 -1 0.000000 6.195965 2.810594 
664 -1 -1 0.000000 6.126398 2.960316 
665 666 669 0.545545 6.369066 3.269336 
666 667 668 0.228086 6.175120 3.579828 
667 -1 -1 0.000000 5.950453 3.619168 
668 -1 -1 0.000000 6.399788 3.540487 
669 670 671 0.053890 6.536668 3.186064 
670 -1 -1 0.000000 6.540286 3.239832 
671 -1 -1 0.000000 6.533049 3.132296 
672 673 680 0.847739 6.533833 2.464732 
673 674 677 0.661105 6.269660 2.770396 
674 675 676 0.211222 6.292949 2.534751 
675 -1 -1 0.000000 6.088829 2.589061 
676 -1 -1 0.000000 6.497070 2.480441 
677 678 679 0.348378 6.633892 2.905586 
678 -1 -1 0.000000 6.531303 2.572655 
679 -1 -1 0.000000 6.736482 3.238517 
680 681 684 0.858179 7.036841 3.071106 
681 682 683 0.028221 6.992341 3.144088 
682 -1 -1 0.000000 7.006200 3.168671 
683 -1 -1 0.000000 6.978482 3.119505 
684 685 686 0.446839 6.979771 2.570067 
685 -1 -1 0.000000 6.665566 2.887778 
686 -1 -1 0.000000 7.293977 2.252356 
687 688 719 2.091511 7.876252 0.178409 
688 689 704 1.615659 6.604897 1.183847 
689 690 697 0.628865 6.314309 0.627036 
690 691 694 0.488801 6.046828 0.226177 
691 692 693 0.257521 5.966241 0.517602 
692 -1 -1 0.000000 5.790215 0.329634 
693 -1 -1 0.000000 6.142267 0.705570 
694 695 696 0.211800 6.338559 0.234345 
695 -1 -1 0.000000 6.218228 0.408643 
696 -1 -1 0.000000 6.458890 0.060048 
697 698 701 0.418548 6.610489 0.610769 
698 699 700 0.196113 6.668236 0.972130 
699 -1 -1 0.000000 6.475222 1.006857 
700 -1 -1 0.000000 6.861249 0.937402 
701 702 703 0.072127 6.654934 0.329018 
702 -1 -1 0.000000 6.591460 0.363274 
703 -1 -1 0.000000 6.718408 0.294762 
704 705 712 1.113318 7.567387 1.163581 
705 706 709 0.679704 7.246983 1.360900 
706 707 708 0.248615 7.437371 1.176834 
707 -1 -1 0.000000 7.192686 1.132806 
708 -1 -1 0.000000 7.682056 1.220862 
709 710 711 0.322281 7.339944 1.706355 
710 -1 -1 0.000000 7.275503 1.390582 
711 -1 -1 0.000000 7.404384 2.022128 
712 713 716 0.821397 7.446555 0.407563 
713 714 715 0.367671 7.241247 0.981607 
714 -1 -1 0.000000 6.873874 0.996401 
715 -1 -1 0.000000 7.608620 0.966814 
716 717 718 0.109401 7.754030 0.177163 
717 -1 -1 0.000000 7.733009 0.284525 
718 -1 -1 0.000000 7.775050 0.069801 
719 720 735 1.504725 8.811038 1.130294 
720 721 728 0.811737 8.607338 1.582019 
721 722 725 0.481086 8.095524 1.431510 
722 723 724 0.223549 8.236783 1.718871 
723 -1 -1 0.000000 8.093707 1.890636 
724 -1 -1 0.000000 8.379859 1.547105 
725 726 727 0.183326 8.094190 1.133724 
726 -1 -1 0.000000 8.090953 1.317021 
727 -1 -1 0.000000 8.097428 0.950427 
728 729 732 0.243671 8.804407 1.220616 
729 730 731 0.122534 8.621497 1.215828 
730 -1 -1 0.000000 8.654335 1.097777 
731 -1 -1 0.000000 8.588660 1.333880 
732 733 734 0.065253 8.937580 1.307715 
733 -1 -1 0.000000 8.899556 1.254685 
734 -1 -1 0.000000 8.975603 1.360746 
735 736 743 1.171262 8.910223 0.743318 
736 737 740 0.203068 8.778098 0.849267 
737 738 739 0.123466 8.768070 0.980764 
738 -1 -1 0.000000 8.651812 0.939195 
739 -1 -1 0.000000 8.884329 1.022333 
740 741 742 0.094955 8.797443 0.746617 
741 -1 -1 0.000000 8.705399 0.723288 
742 -1 -1 0.000000 8.889488 0.769947 
743 744 747 0.704183 9.560167 0.434600 
744 745 746 0.290194 9.193007 0.721258 
745 -1 -1 0.000000 9.152206 1.008570 
746 -1 -1 0.000000 9.233808 0.433947 
747 748 749 0.194131 9.656439 0.087224 
748 -1 -1 0.000000 9.469247 0.138663 
749 -1 -1 0.000000 9.843632 0.035786 
750 751 874 4.992054 9.726509 5.526291 
751 752 813 2.601745 7.990987 7.527302 
752 753 782 1.731019 7.834337 5.933755 
753 754 767 1.573233 6.842817 6.417652 
754 755 760 0.457301 6.853706 6.073645 
755 756 757 0.458823 6.698985 6.327269 
756 -1 -1 0.000000 6.407663 5.972798 
757 758 759 0.041405 6.739663 6.334997 
758 -1 -1 0.000000 6.739961 6.293593 
759 -1 -1 0.000000 6.739365 6.376402 
760 761 764 0.394142 6.824520 6.029720 
761 762 763 0.151273 6.615371 5.945162 
762 -1 -1 0.000000 6.465202 5.926919 
763 -1 -1 0.000000 6.765540 5.963405 
764 765 766 0.223977 7.058280 5.895361 
765 -1 -1 0.000000 7.003011 5.678311 
766 -1 -1 0.000000 7.113549 6.112412 
767 768 775 1.341456 7.608954 6.337018 
768 769 772 0.506749 7.234069 6.191451 
769 770 771 0.179637 6.971677 6.401689 
770 -1 -1 0.000000 6.799038 6.451340 
771 -1 -1 0.000000 7.144317 6.352039 
772 773 774 0.151578 7.518774 6.143082 
773 -1 -1 0.000000 7.478093 6.289099 
774 -1 -1 0.000000 7.559455 5.997065 
775 776 779 0.819564 7.596676 7.148007 
776 777 778 0.350421 7.471158 6.688648 
777 -1 -1 0.000000 7.293601 6.386541 
778 -1 -1 0.000000 7.648714 6.990754 
779 780 781 0.235150 7.812431 7.429547 
780 -1 -1 0.000000 7.822623 7.194618 
781 -1 -1 0.000000 7.802239 7.664476 
782 783 798 1.395003 8.889594 6.499134 
783 784 791 1.232473 7.964208 6.712583 
784 785 788 0.955523 8.191841 5.854727 
785 786 787 0.206516 8.080413 5.628602 
786 -1 -1 0.000000 7.936568 5.480420 
787 -1 -1 0.000000 8.224259 5.776783 
788 789 790 0.457044 8.435800 6.294558 
789 -1 -1 0.000000 8.141387 5.944973 
790 -1 -1 0.000000 8.730213 6.644144 
791 792 795 0.432470 8.185419 6.947072 
792 793 794 0.247116 7.918652 7.086656 
793 -1 -1 0.000000 7.977981 7.326544 
794 -1 -1 0.000000 7.859323 6.846768 
795 796 797 0.135733 8.154270 6.767332 
796 -1 -1 0.000000 8.018967 6.778124 
797 -1 -1 0.000000 8.289573 6.756541 
798 799 806 0.753082 8.816659 5.973545 
799 800 803 0.239866 8.656453 6.115238 
800 801 802 0.123918 8.633603 5.949597 
801 -1 -1 0.000000 8.524112 6.007626 
802 -1 -1 0.000000 8.743094 5.891567 
803 804 805 0.087663 8.743578 6.244299 
804 -1 -1 0.000000 8.656790 6.231945 
805 -1 -1 0.000000 8.830366 6.256653 
806 807 810 0.617422 9.097749 6.290360 
807 808 809 0.176520 8.895781 6.290614 
808 -1 -1 0.000000 8.893435 6.467118 
809 -1 -1 0.000000 8.898127 6.114109 
810 811 812 0.292476 9.324765 6.053678 
811 -1 -1 0.000000 9.084847 6.220955 
812 -1 -1 0.000000 9.564683 5.886401 
813 814 843 1.680195 9.243814 7.832885 
814 815 828 1.034400 9.086040 7.610722 
815 816 821 0.657386 8.547402 7.511150 
816 817 818 0.621704 8.083350 7.557381 
817 -1 -1 0.000000 8.057890 7.497189 
818 819 820 0.312318 8.232292 7.831898 
819 -1 -1 0.000000 8.139037 7.533827 
820 -1 -1 0.000000 8.325547 8.129969 
821 822 825 0.584808 8.512118 7.334271 
822 823 824 0.063266 8.412074 7.297816 
823 -1 -1 0.000000 8.381336 7.242520 
824 -1 -1 0.000000 8.442812 7.353113 
825 826 827 0.284711 8.823105 7.440097 
826 -1 -1 0.000000 8.655348 7.210058 
827 -1 -1 0.000000 8.990861 7.670137 
828 829 836 0.730726 9.298606 6.901263 
829 830 833 0.460904 8.882512 7.029239 
830 831 832 0.204503 9.010730 6.798030 
831 -1 -1 0.000000 8.812317 6.748496 
832 -1 -1 0.000000 9.209144 6.847565 
833 834 835 0.182159 8.958775 7.297719 
834 -1 -1 0.000000 8.923238 7.119060 
835 -1 -1 0.000000 8.994313 7.476378 
836 837 840 0.345862 9.629037 7.134312 
837 838 839 0.161379 9.448833 7.288496 
838 -1 -1 0.000000 9.308098 7.209523 
839 -1 -1 0.000000 9.589569 7.367470 
840 841 842 0.182922 9.829506 7.258602 
841 -1 -1 0.000000 9.794341 7.438112 
842 -1 -1 0.000000 9.864671 7.079091 
843 844 859 1.118127 9.073556 8.738524 
844 845 852 0.782717 8.858501 8.009463 
845 846 849 0.454106 8.616169 8.305609 
846 847 848 0.091193 8.430497 8.247947 
847 -1 -1 0.000000 8.368278 8.181276 
848 -1 -1 0.000000 8.492716 8.314618 
849 850 851 0.175545 8.877397 8.409787 
850 -1 -1 0.000000 8.732713 8.310375 
851 -1 -1 0.000000 9.022081 8.509198 
852 853 856 0.581798 9.377561 8.159430 
853 854 855 0.237923 9.116266 8.434463 
854 -1 -1 0.000000 9.102265 8.671973 
855 -1 -1 0.000000 9.130267 8.196952 
856 857 858 0.160344 9.494228 7.873516 
857 -1 -1 0.000000 9.391292 7.996457 
858 -1 -1 0.000000 9.597164 7.750576 
859 860 867 0.710937 9.563234 9.119063 
860 861 864 0.676074 9.491688 9.048600 
861 862 863 0.045894 9.476405 9.162340 
862 -1 -1 0.000000 9.430513 9.162729 
863 -1 -1 0.000000 9.522297 9.161951 
864 865 866 0.385077 9.453758 8.596260 
865 -1 -1 0.000000 9.096430 8.739790 
866 -1 -1 0.000000 9.811086 8.452730 
867 868 871 0.271526 9.598182 9.242529 
868 869 870 0.042349 9.544447 9.195293 
869 -1 -1 0.000000 9.502524 9.201283 
870 -1 -1 0.000000 9.586370 9.189304 
871 872 873 0.174866 9.687070 9.419574 
872 -1 -1 0.000000 9.526623 9.489108 
873 -1 -1 0.000000 9.847517 9.350040 
874 875 936 3.451577 7.696483 3.130578 
875 876 905 1.718938 7.431630 4.801199 
876 877 890 1.110732 6.194723 4.732761 
877 878 883 0.673949 6.171876 4.849875 
878 879 880 0.232753 5.912183 4.724128 
879 -1 -1 0.000000 5.794300 4.525758 
880 881 882 0.122605 5.938470 4.843882 
881 -1 -1 0.000000 5.845852 4.763547 
882 -1 -1 0.000000 6.031088 4.924217 
883 884 887 0.450582 6.236901 5.293897 
884 885 886 0.156851 5.941820 5.278232 
885 -1 -1 0.000000 5.786348 5.298992 
886 -1 -1 0.000000 6.097291 5.257471 
887 888 889 0.155574 6.529389 5.265860 
888 -1 -1 0.000000 6.375523 5.242872 
889 -1 -1 0.000000 6.683255 5.288848 
890 891 898 1.086198 6.450522 4.844131 
891 892 895 0.694063 6.255762 4.199538 
892 893 894 0.276184 6.101693 4.494325 
893 -1 -1 0.000000 5.826823 4.467425 
894 -1 -1 0.000000 6.376564 4.521224 
895 896 897 0.326286 6.627628 4.075709 
896 -1 -1 0.000000 6.410806 4.319534 
897 -1 -1 0.000000 6.844450 3.831883 
898 899 902 0.447970 6.972763 4.870544 
899 900 901 0.218342 6.837762 4.627553 
900 -1 -1 0.000000 6.920764 4.425602 
901 -1 -1 0.000000 6.754760 4.829503 
902 903 904 0.199657 6.838953 5.077046 
903 -1 -1 0.000000 6.668803 4.972585 
904 -1 -1 0.000000 7.009103 5.181507 
905 906 921 1.718245 8.114196 3.854807 
906 907 914 0.971728 7.193642 3.877552 
907 908 911 0.494938 7.115218 3.372527 
908 909 910 0.031380 7.014867 3.302541 
909 -1 -1 0.000000 6.997872 3.276161 
910 -1 -1 0.000000 7.031862 3.328920 
911 912 913 0.222811 7.402501 3.485190 
912 -1 -1 0.000000 7.307293 3.283744 
913 -1 -1 0.000000 7.497709 3.686635 
914 915 918 0.598168 7.704775 4.241591 
915 916 917 0.103894 7.436908 4.715039 
916 -1 -1 0.000000 7.494432 4.801555 
917 -1 -1 0.000000 7.379385 4.628522 
918 919 920 0.114286 7.986015 3.807617 
919 -1 -1 0.000000 8.079593 3.873225 
920 -1 -1 0.000000 7.892437 3.742008 
921 922 929 0.954582 8.447013 4.751634 
922 923 926 0.764739 8.344056 3.955921 
923 924 925 0.091876 8.221452 3.895234 
924 -1 -1 0.000000 8.143514 3.846584 
925 -1 -1 0.000000 8.299390 3.943884 
926 927 928 0.360390 8.708682 4.132910 
927 -1 -1 0.000000 8.401877 3.943829 
928 -1 -1 0.000000 9.015486 4.321991 
929 930 933 0.434101 8.353529 5.198758 
930 931 932 0.073090 8.263777 5.112293 
931 -1 -1 0.000000 8.201462 5.074096 
932 -1 -1 0.000000 8.326091 5.150491 
933 934 935 0.275848 8.667515 5.198980 
934 -1 -1 0.000000 8.645790 4.923988 
935 -1 -1 0.000000 8.689240 5.473971 
936 937 968 2.281422 9.740594 2.579683 
937 938 953 1.564194 8.353017 3.596205 
938 939 946 1.049638 8.006179 2.705214 
939 940 943 0.260606 7.653548 2.915568 
940 941 942 0.107511 7.496045 2.875734 
941 -1 -1 0.000000 7.467303 2.772136 
942 -1 -1 0.000000 7.524787 2.979332 
943 944 945 0.108252 7.808847 2.979186 
944 -1 -1 0.000000 7.757672 2.883794 
945 -1 -1 0.000000 7.860021 3.074579 
946 947 950 0.921424 8.381389 3.212170 
947 948 949 0.010700 8.282961 3.309081 
948 -1 -1 0.000000 8.273911 3.314791 
949 -1 -1 0.000000 8.292011 3.303371 
950 951 952 0.423999 8.657755 2.742070 
951 -1 -1 0.000000 8.267694 2.908287 
952 -1 -1 0.000000 9.047815 2.575854 
953 954 961 1.170931 9.163994 3.539464 
954 955 958 0.331484 9.194755 3.332831 
955 956 957 0.192832 8.972099 3.309163 
956 -1 -1 0.000000 8.902326 3.488929 
957 -1 -1 0.000000 9.041871 3.129397 
958 959 960 0.117046 9.336849 3.360437 
959 -1 -1 0.000000 9.315181 3.475460 
960 -1 -1 0.000000 9.358517 3.245414 
961 962 965 0.973306 9.619658 4.218074 
962 963 964 0.081066 9.470692 4.585431 
963 -1 -1 0.000000 9.498203 4.661686 
964 -1 -1 0.000000 9.443181 4.509176 
965 966 967 0.531673 9.335244 3.521354 
966 -1 -1 0.000000 8.822043 3.660279 
967 -1 -1 0.000000 9.848446 3.382429 
968 969 984 1.641697 8.869725 1.751740 
969 970 977 0.718055 8.854000 1.845388 
970 971 974 0.580843 8.685212 1.877478 
971 972 973 0.208741 8.475802 2.187200 
972 -1 -1 0.000000 8.332433 2.338917 
973 -1 -1 0.000000 8.619171 2.035482 
974 975 976 0.070918 8.737389 1.694081 
975 -1 -1 0.000000 8.674691 1.660941 
976 -1 -1 0.000000 8.800087 1.727221 
977 978 981 0.416543 8.998113 2.006262 
978 979 980 0.098797 8.945921 1.886882 
979 -1 -1 0.000000 8.850142 1.862648 
980 -1 -1 0.000000 9.041700 1.911116 
981 982 983 0.247027 8.974824 2.272869 
982 -1 -1 0.000000 8.734138 2.328481 
983 -1 -1 0.000000 9.215510 2.217258 
984 985 992 1.062838 9.430906 1.451797 
985 986 989 0.508516 9.568129 2.082664 
986 987 988 0.152024 9.176876 1.836004 
987 -1 -1 0.000000 9.116474 1.975514 
988 -1 -1 0.000000 9.237278 1.696495 
989 990 991 0.069846 9.994590 2.112928 
990 -1 -1 0.000000 9.999936 2.043286 
991 -1 -1 0.000000 9.989245 2.182569 
992 993 996 0.761082 9.381695 1.013522 
993 994 995 0.113618 9.372531 1.159252 
994 -1 -1 0.000000 9.278658 1.095246 
995 -1 -1 0.000000 9.466405 1.223258 
996 997 998 0.349541 9.721171 0.777690 
997 -1 -1 0.000000 9.464352 1.014803 
998 -1 -1 0.000000 9.977990 0.540576 
